*! QVisaDataObject v1.1
*! hash 812cd09

#! __data__ 9c22786
#! __type__ iv-sweep
#! __desc__ reference solar cell
t		V		I		P		
0.4912750720977783	-0.05	-0.1252063	0.006260315	
0.8721511363983154	-0.027	-0.1251269	0.0033784263000000004	
1.2617883682250977	-0.004	-0.1251701	0.0005006804	
1.6527118682861328	0.019	-0.1251893	-0.0023785967	
2.0636394023895264	0.042	-0.1250262	-0.005251100400000001	
2.450100898742676	0.065	-0.1249889	-0.0081242785	
2.8331398963928223	0.088	-0.1250443	-0.0110038984	
3.2210335731506348	0.111	-0.1252875	-0.0139069125	
3.6015079021453857	0.134	-0.1249482	-0.016743058800000002	
3.992492437362671	0.157	-0.124706	-0.019578842	
4.374340772628784	0.18	-0.1245788	-0.022424184	
4.7595109939575195	0.203	-0.1242329	-0.0252192787	
5.150673151016235	0.226	-0.1241372	-0.028055007200000003	
5.5359742641448975	0.249	-0.1238342	-0.030834715800000002	
5.9266157150268555	0.272	-0.1234486	-0.0335780192	
6.317602634429932	0.295	-0.1231808	-0.036338336	
6.7044079303741455	0.318	-0.1225043	-0.0389563674	
7.090826511383057	0.341	-0.1219773	-0.0415942593	
7.48140549659729	0.364	-0.1214205	-0.044197062	
7.8685266971588135	0.387	-0.120456	-0.046616472	
8.259494066238403	0.41	-0.1190491	-0.048810131	
8.645164251327515	0.433	-0.1174217	-0.0508435961	
9.035940408706665	0.456	-0.1144261	-0.052178301600000004	
9.426150560379028	0.479	-0.1104102	-0.0528864858	
9.804817199707031	0.502	-0.1038463	-0.052130842600000005	
10.237855911254883	0.525	-0.09366515	-0.049174203750000006	
10.606258869171143	0.548	-0.08009858	-0.043894021840000005	
10.985530853271484	0.571	-0.0614419	-0.0350833249	
11.376351356506348	0.594	-0.03868482	-0.02297878308	
11.757090091705322	0.617	-0.01245231	-0.00768307527	
12.122266292572021	0.64	0.01673032	0.0107074048	
12.492837190628052	0.663	0.04804945	0.03185678535	
12.87444543838501	0.686	0.08114084	0.05566261624000001	
13.324022769927979	0.709	0.1156399	0.0819886891	
13.715213537216187	0.732	0.1499621	0.10977225719999999	
14.10082221031189	0.755	0.1499641	0.11322289549999999	
14.474769592285156	0.778	0.1499651	0.11667284779999999	
14.84211778640747	0.801	0.1499681	0.1201244481	
15.221909761428833	0.824	0.1499717	0.1235766808	
15.613183498382568	0.847	0.1499742	0.12702814739999999	
16.003990173339844	0.87	0.1499782	0.130481034	
16.390504598617554	0.893	0.1499818	0.1339337474	
16.761597633361816	0.916	0.1499792	0.13738094720000002	
17.137974739074707	0.939	0.1499787	0.14082999929999998	
17.528738498687744	0.962	0.1499833	0.1442839346	
17.91923499107361	0.985	0.1499833	0.1477335505	
18.288675785064697	1.008	0.1499863	0.1511861904	
18.68075132369995	1.031	0.1499867	0.15463628769999999	
19.050652980804443	1.054	0.1499878	0.1580871412	
19.427100896835327	1.077	0.1499928	0.1615422456	
19.790535926818848	1.1	0.1499918	0.16499098	
20.16838550567627	1.077	0.1499939	0.1615434303	
20.538567781448364	1.054	0.1499908	0.1580903032	
20.929380655288696	1.031	0.1499847	0.1546342257	
21.30014443397522	1.008	0.1499833	0.1511831664	
21.6860990524292	0.985	0.1499827	0.14773295949999998	
22.066924810409546	0.962	0.1499843	0.1442848966	
22.452757120132446	0.939	0.1499808	0.1408319712	
22.823572874069214	0.916	0.1499773	0.13737920680000001	
23.200972318649292	0.893	0.1499722	0.1339251746	
23.581533432006836	0.87	0.1499708	0.130474596	
23.968040704727173	0.847	0.1499656	0.1270208632	
24.35179305076599	0.824	0.1499626	0.12356918239999999	
24.723161458969116	0.801	0.1499657	0.12012252570000001	
25.088945627212524	0.778	0.1499621	0.1166705138	
25.48003101348877	0.755	0.1499656	0.113224028	
25.860357999801636	0.732	0.1499641	0.1097737212	
26.24651527404785	0.709	0.1161407	0.0823437563	
26.673381805419922	0.686	0.08165268	0.056013738480000005	
27.04408288002014	0.663	0.04861505	0.03223177815	
27.41479516029358	0.64	0.01729776	0.011070566399999999	
27.796091318130493	0.617	-0.01170589	-0.0072225341299999996	
28.187105655670166	0.594	-0.03786465	-0.022491602099999997	
28.56562829017639	0.571	-0.06057853	-0.034590340629999994	
28.93676471710205	0.548	-0.07937482	-0.04349740136	
29.30654215812683	0.525	-0.09356971	-0.049124097750000005	
29.677424430847168	0.502	-0.1039571	-0.0521864642	
30.118595600128174	0.479	-0.1107293	-0.053039334699999996	
30.507222890853882	0.456	-0.1150724	-0.052473014400000004	
30.88390803337097	0.433	-0.1175641	-0.0509052553	
31.268669843673706	0.41	-0.1195349	-0.049009308999999994	
31.64901566505432	0.387	-0.1207304	-0.0467226648	
32.04009485244751	0.364	-0.1214185	-0.044196334	
32.42074108123779	0.341	-0.1221745	-0.0416615045	
32.80276966094971	0.318	-0.1226538	-0.039003908399999995	
33.18399357795715	0.295	-0.1231722	-0.036335798999999995	
33.56448817253113	0.272	-0.1234898	-0.0335892256	
33.94502377510071	0.249	-0.1238503	-0.0308387247	
34.32499384880066	0.226	-0.1241638	-0.0280610188	
34.71178603172302	0.203	-0.1244725	-0.0252679175	
35.10324430465698	0.18	-0.1245922	-0.022426596	
35.49308633804321	0.157	-0.1246778	-0.0195744146	
35.86265969276428	0.134	-0.1248027	-0.0167235618	
36.243711709976196	0.111	-0.1250151	-0.013876676099999999	
36.624428272247314	0.088	-0.1252058	-0.0110181104	
37.0013210773468	0.065	-0.1252013	-0.0081380845	
37.38295841217041	0.042	-0.1251892	-0.0052579464000000005	
37.7650146484375	0.019	-0.1252753	-0.0023802307	
38.159974336624146	-0.004	-0.1252582	0.0005010327999999999	
38.530903816223145	-0.027	-0.1252164	0.0033808428	
38.902241468429565	-0.05	-0.1253367	0.006266835	


#! __data__ b787dc2
#! __type__ iv-sweep
#! __desc__ reference scan 2
t		V		I		P		
0.3704721927642822	-0.05	-0.1258088	0.0062904400000000004	
0.7511436939239502	-0.027	-0.1256452	0.0033924204000000003	
1.131971836090088	-0.004	-0.1255979	0.0005023916	
1.5219924449920654	0.019	-0.1254137	-0.0023828602999999998	
1.9030539989471436	0.042	-0.1255223	-0.005271936600000001	
2.2943968772888184	0.065	-0.125395	-0.008150675000000001	
2.6851956844329834	0.088	-0.1249959	-0.0109996392	
3.0656445026397705	0.111	-0.1255264	-0.013933430400000002	
3.434394121170044	0.134	-0.1250874	-0.0167617116	
3.8118371963500977	0.157	-0.1248992	-0.019609174400000002	
4.196091890335083	0.18	-0.1246162	-0.022430916	
4.57497239112854	0.203	-0.1245699	-0.0252876897	
4.980816841125488	0.226	-0.1239201	-0.028005942600000003	
5.3610498905181885	0.249	-0.1238789	-0.0308458461	
5.7580695152282715	0.272	-0.1237134	-0.0336500448	
6.149842739105225	0.295	-0.1233559	-0.0363899905	
6.5305750370025635	0.318	-0.1227841	-0.0390453438	
6.908734083175659	0.341	-0.1221695	-0.041659799500000004	
7.301007270812988	0.364	-0.1216439	-0.0442783796	
7.691159248352051	0.387	-0.1204479	-0.0466133373	
8.07070803642273	0.41	-0.1192303	-0.048884422999999996	
8.449262619018555	0.433	-0.1173049	-0.0507930217	
8.827866554260254	0.456	-0.114339	-0.052138584	
9.203869342803955	0.479	-0.1096204	-0.0525081716	
9.5686616897583	0.502	-0.1023683	-0.051388886599999996	
9.991101026535034	0.525	-0.09125692	-0.04790988300000001	
10.353130102157593	0.548	-0.07595141	-0.041621372680000004	
10.74529767036438	0.571	-0.05630177	-0.03214831067	
11.134010791778564	0.594	-0.03305293	-0.01963344042	
11.55605697631836	0.617	-0.006307039	-0.0038914430630000003	
12.033691883087158	0.64	0.02323801	0.0148723264	
12.399863958358765	0.663	0.05490854	0.036404362020000004	
12.780158281326294	0.686	0.08825711	0.06054437746000001	
13.22744107246399	0.709	0.1228851	0.0871255359	
13.612630128860474	0.732	0.1499519	0.1097647908	
13.997487306594849	0.755	0.1499508	0.113212854	
14.378154993057251	0.778	0.149956	0.116665768	
14.748569250106812	0.801	0.1499499	0.1201098699	
15.129533767700195	0.824	0.1499595	0.12356662799999998	
15.510565757751465	0.847	0.1499611	0.1270170517	
15.88901948928833	0.87	0.1499702	0.130474074	
16.27959156036377	0.893	0.1499656	0.1339192808	
16.650566339492798	0.916	0.149964	0.137367024	
17.037258863449097	0.939	0.1499649	0.1408170411	
17.428083181381226	0.962	0.1499722	0.1442732564	
17.818796157836914	0.985	0.1499634	0.14771394899999998	
18.18895936012268	1.008	0.1499716	0.1511713728	
18.572896003723145	1.031	0.1499726	0.1546217506	
18.938923835754395	1.054	0.1499787	0.1580775498	
19.326287746429443	1.077	0.1499786	0.1615269522	
19.68730092048645	1.1	0.1499811	0.16497921000000002	
20.092907667160034	1.077	0.1499817	0.16153029089999998	
20.488016605377197	1.054	0.1499786	0.1580774444	
20.878901958465576	1.031	0.1499811	0.1546305141	
21.244099617004395	1.008	0.1499747	0.15117449759999999	
21.62468647956848	0.985	0.1499706	0.147721041	
22.00572967529297	0.962	0.1499746	0.1442755652	
22.385581016540527	0.939	0.1499741	0.1408256799	
22.7639479637146	0.916	0.1499686	0.1373712376	
23.144104957580566	0.893	0.1499666	0.13392017380000001	
23.54229187965393	0.87	0.1499667	0.13047102900000002	
23.937880277633667	0.847	0.1499646	0.1270200162	
24.314928770065308	0.824	0.1499615	0.12356827599999999	
24.68253445625305	0.801	0.1499646	0.12012164460000001	
25.04745364189148	0.778	0.1499651	0.11667284779999999	
25.434520483016968	0.755	0.149959	0.113219045	
25.839845895767212	0.732	0.1499611	0.10977152520000001	
26.218376874923706	0.709	0.1238129	0.08778334609999999	
26.640596866607666	0.686	0.08920508	0.06119468488000001	
27.005547046661377	0.663	0.05584282	0.03702378966	
27.375280141830444	0.64	0.02428603	0.0155430592	
27.809165239334106	0.617	-0.005273594	-0.0032538074980000002	
28.308297872543335	0.594	-0.03212209	-0.01908052146	
28.688973426818848	0.571	-0.05551702	-0.031700218419999995	
29.05937910079956	0.548	-0.07518785	-0.041202941800000004	
29.43654465675354	0.525	-0.09056251	-0.04754531775	
29.80730891227722	0.502	-0.1017826	-0.0510948652	
30.253832578659058	0.479	-0.109186	-0.052300094	
30.634100198745728	0.456	-0.114048	-0.052005888	
31.015214443206787	0.433	-0.1168604	-0.0506005532	
31.394804000854492	0.41	-0.118896	-0.048747359999999997	
31.795849800109863	0.387	-0.1202184	-0.046524520800000004	
32.186373233795166	0.364	-0.1209976	-0.0440431264	
32.592923402786255	0.341	-0.1219817	-0.041595759700000005	
32.974061489105225	0.318	-0.1223824	-0.038917603200000005	
33.355929136276245	0.295	-0.1230594	-0.036302522999999996	
33.74154186248779	0.272	-0.1233926	-0.033562787200000006	
34.14292097091675	0.249	-0.1238296	-0.0308335704	
34.53356671333313	0.226	-0.123899	-0.028001174	
34.92415714263916	0.203	-0.1244724	-0.0252678972	
35.3051495552063	0.18	-0.1244124	-0.022394232	
35.69182896614075	0.157	-0.1247492	-0.0195856244	
36.063291788101196	0.134	-0.1249672	-0.0167456048	
36.45562028884888	0.111	-0.1248524	-0.0138586164	
36.83588695526123	0.088	-0.1250799	-0.0110070312	
37.220499992370605	0.065	-0.1252249	-0.008139618500000001	
37.60795497894287	0.042	-0.1252582	-0.0052608444	
37.98876690864563	0.019	-0.1248559	-0.0023722621	
38.38509202003479	-0.004	-0.1253175	0.0005012700000000001	
38.7593309879303	-0.027	-0.1253624	0.0033847848000000003	
39.140037059783936	-0.05	-0.1251992	0.006259960000000001	


